%&pltpar
iplot(1)=[2]; imod(1)=[1]; ibnd(1)=[1]; ivel(1)=[0]; iray(1)=[1]; 
irayps(1)=[1]; itx(1)=[2]; idata(1)=[1]; isep(1)=[0]; itxout(1)=[2]; 
idump(1)=[0]; isum(1)=[2]; nskip(1)=[0]; nrskip(1)=[10]; npskip(1)=[1]; 
vred(1)=[2.]; xwndow(1)=[295.]; ywndow(1)=[215.]; ircol(1)=[1]; itcol(1)=[1]; 
%&end
%&axepar
itrev(1)=[1]; albht(1)=[3.5000]; xmin(1)=[0.]; xmax(1)=[23.]; xmm(1)=[275.]; 
zmax(1)=[3.0010]; zmm(1)=[70.]; tmin(1)=[0.8000]; tmax(1)=[3.5400]; tmm(1)=[100.]; 
orig(1)=[15.]; sep(1)=[10.]; 
%&end
%&trapar
iraysl(1)=[1]; i2pt(1)=[1]; ibsmth(1)=[1]; imodf(1)=[1]; aamin(1)=[0.]; 
aamax(1)=[90.]; stol(1)=[0.0066]; npbnd(1)=[250]; nbsmth(1)=[100]; 
ishot(1:200)=[
2,2,2,2,2,2,2,2,2,2,...
2,2,2,2,2,2,2,2,2,2,...
2,2,2,2,2,2,2,2,2,2,...
2,2,2,2,2,2,2,2,2,2,...
2,2,2,2,2,2,2,2,2,2,...
2,2,2,2,2,2,2,2,2,2,...
2,2,2,2,2,2,2,2,2,2,...
2,2,2,2,2,2,2,2,2,2,...
2,2,2,2,2,2,2,2,2,2,...
2,2,2,2,2,2,2,2,2,2,...
2,2,2,2,2,2,2,2,2,2,...
2,2,2,2,2,2,2,2,2,2,...
2,2,2,2,2,2,2,2,2,2,...
2,2,2,2,2,2,2,2,2,2,...
2,2,2,2,2,2,2,2,2,2,...
2,2,2,2,2,2,2,2,2,2,...
2,2,2,2,2,2,2,2,2,2,...
2,2,2,2,2,2,2,2,2,2,...
2,2,2,2,2,2,2,2,2,2,...
2,2,2,2,2,2,2,2,2,2]; 
irayt(1:4736)=[
1,0,1,0,1,0,1,0,1,0,...
1,0,1,0,1,0,0,1,0,1,...
0,1,0,1,0,1,0,1,0,1,...
0,1,0,1,0,1,0,1,0,1,...
0,1,0,1,0,1,0,1,0,1,...
0,1,0,1,0,1,0,1,0,1,...
0,1,0,1,0,1,0,1,0,1,...
0,1,0,1,0,1,0,1,0,1,...
0,1,0,1,0,1,0,1,0,1,...
0,1,0,1,0,1,0,1,0,1,...
0,1,0,1,0,1,0,1,0,1,...
0,1,0,1,0,1,0,1,0,1,...
0,1,0,1,0,1,0,1,0,1,...
0,1,0,1,0,1,0,1,0,1,...
0,1,0,1,0,1,0,1,0,1,...
0,1,0,1,0,1,0,1,0,1,...
0,1,0,1,0,1,0,1,0,1,...
0,1,0,1,0,1,0,1,0,1,...
0,1,0,1,0,1,0,1,0,1,...
0,1,0,1,0,1,0,1,0,1,...
0,1,0,1,0,1,0,1,0,1,...
0,1,0,1,0,1,0,1,0,1,...
0,1,0,1,0,1,0,1,0,1,...
0,1,0,1,0,1,0,1,0,1,...
0,1,0,1,0,1,0,1,0,1,...
0,1,0,1,0,1,0,1,0,1,...
0,1,0,1,0,1,0,1,0,1,...
0,1,0,1,0,1,0,1,0,1,...
0,1,0,1,0,1,0,1,0,1,...
0,1,0,1,0,1,0,1,0,1,...
0,1,0,1,0,1,0,1,0,1,...
0,1,0,1,0,1,0,1,0,1,...
0,1,0,1,0,1,0,1,0,1,...
0,1,0,1,0,1,0,1,0,1,...
0,1,0,1,0,1,0,1,0,1,...
0,1,0,1,0,1,0,1,0,1,...
0,1,0,1,0,1,0,1,0,1,...
0,1,0,1,0,1,0,1,0,1,...
0,1,0,1,0,1,0,1,0,1,...
0,1,0,1,0,1,0,1,0,1,...
0,1,0,1,0,1,0,1,0,1,...
0,1,0,1,0,1,0,1,0,1,...
0,1,0,1,0,1,0,1,0,1,...
0,1,0,1,0,1,0,1,0,1,...
0,1,0,1,0,1,0,1,0,1,...
0,1,0,1,0,1,0,1,0,1,...
0,1,0,1,0,1,0,1,0,1,...
0,1,0,1,0,1,0,1,0,1,...
0,1,0,1,0,1,0,1,0,1,...
0,1,0,1,0,1,0,1,0,1,...
0,1,0,1,0,1,0,1,0,1,...
0,1,0,1,0,1,0,1,0,1,...
0,1,0,1,0,1,0,1,0,1,...
0,1,0,1,0,1,0,1,0,1,...
0,1,0,1,0,1,0,1,0,1,...
0,1,0,1,0,1,0,1,0,1,...
0,1,0,1,0,1,0,1,0,1,...
0,1,0,1,0,1,0,1,0,1,...
0,1,0,1,0,1,0,1,0,1,...
0,1,0,1,0,1,0,1,0,1,...
0,1,0,1,0,1,0,1,0,1,...
0,1,0,1,0,1,0,1,0,1,...
0,1,0,1,0,1,0,1,0,1,...
0,1,0,1,0,1,0,1,0,1,...
0,1,0,1,0,1,0,1,0,1,...
0,1,0,1,0,1,0,1,0,1,...
0,1,0,1,0,1,0,1,0,1,...
0,1,0,1,0,1,0,1,0,1,...
0,1,0,1,0,1,0,1,0,1,...
0,1,0,1,0,1,0,1,0,1,...
0,1,0,1,0,1,0,1,0,1,...
0,1,0,1,0,1,0,1,0,1,...
0,1,0,1,0,1,0,1,0,1,...
0,1,0,1,0,1,0,1,0,1,...
0,1,0,1,0,1,0,1,0,1,...
0,1,0,1,0,1,0,1,0,1,...
0,1,0,1,0,1,0,1,0,1,...
0,1,0,1,0,1,0,1,0,1,...
0,1,0,1,0,1,0,1,0,1,...
0,1,0,1,0,1,0,1,0,1,...
0,1,0,1,0,1,0,1,0,1,...
0,1,0,1,0,1,0,1,0,1,...
0,1,0,1,0,1,0,1,0,1,...
0,1,0,1,0,1,0,1,0,1,...
0,1,0,1,0,1,0,1,0,1,...
0,1,0,1,0,1,0,1,0,1,...
0,1,0,1,0,1,0,1,0,1,...
0,1,0,1,0,1,0,1,0,1,...
0,1,0,1,0,1,0,1,0,1,...
0,1,0,1,0,1,0,1,0,1,...
0,1,0,1,0,1,0,1,0,1,...
0,1,0,1,0,1,0,1,0,1,...
0,1,0,1,0,1,0,1,0,1,...
0,1,0,1,0,1,0,1,0,1,...
0,1,0,1,0,1,0,1,0,1,...
0,1,0,1,0,1,0,1,0,1,...
0,1,0,1,0,1,0,1,0,1,...
0,1,0,1,0,1,0,1,0,1,...
0,1,0,1,0,1,0,1,0,1,...
0,1,0,1,0,1,0,1,0,1,...
0,1,0,1,0,1,0,1,0,1,...
0,1,0,1,0,1,0,1,0,1,...
0,1,0,1,0,1,0,1,0,1,...
0,1,0,1,0,1,0,1,0,1,...
0,1,0,1,0,1,0,1,0,1,...
0,1,0,1,0,1,0,1,0,1,...
0,1,0,1,0,1,0,1,0,1,...
0,1,0,1,0,1,0,1,0,1,...
0,1,0,1,0,1,0,1,0,1,...
0,1,0,1,0,1,0,1,0,1,...
0,1,0,1,0,1,0,1,0,1,...
0,1,0,1,0,1,0,1,0,1,...
0,1,0,1,0,1,0,1,0,1,...
0,1,0,1,0,1,0,1,0,1,...
0,1,0,1,0,1,0,1,0,1,...
0,1,0,1,0,1,0,1,0,1,...
0,1,0,1,0,1,0,1,0,1,...
0,1,0,1,0,1,0,1,0,1,...
0,1,0,1,0,1,0,1,0,1,...
0,1,0,1,0,1,0,1,0,1,...
0,1,0,1,0,1,0,1,0,1,...
0,1,0,1,0,1,0,1,0,1,...
0,1,0,1,0,1,0,1,0,1,...
0,1,0,1,0,1,0,1,0,1,...
0,1,0,1,0,1,0,1,0,1,...
0,1,0,1,0,1,0,1,0,1,...
0,1,0,1,0,1,0,1,0,1,...
0,1,0,1,0,1,0,1,0,1,...
0,1,0,1,0,1,0,1,0,1,...
0,1,0,1,0,1,0,1,0,1,...
0,1,0,1,0,1,0,1,0,1,...
0,1,0,1,0,1,0,1,0,1,...
0,1,0,1,0,1,0,1,0,1,...
0,1,0,1,0,1,0,1,0,1,...
0,1,0,1,0,1,0,1,0,1,...
0,1,0,1,0,1,0,1,0,1,...
0,1,0,1,0,1,0,1,0,1,...
0,1,0,1,0,1,0,1,0,1,...
0,1,0,1,0,1,0,1,0,1,...
0,1,0,1,0,1,0,1,0,1,...
0,1,0,1,0,1,0,1,0,1,...
0,1,0,1,0,1,0,1,0,1,...
0,1,0,1,0,1,0,1,0,1,...
0,1,0,1,0,1,0,1,0,1,...
0,1,0,1,0,1,0,1,0,1,...
0,1,0,1,0,1,0,1,0,1,...
0,1,0,1,0,1,0,1,0,1,...
0,1,0,1,0,1,0,1,0,1,...
0,1,0,1,0,1,0,1,0,1,...
0,1,0,1,0,1,0,1,0,1,...
0,1,0,1,0,1,0,1,0,1,...
0,1,0,1,0,1,0,1,0,1,...
0,1,0,1,0,1,0,1,0,1,...
0,1,0,1,0,1,0,1,0,1,...
0,1,0,1,0,1,0,1,0,1,...
0,1,0,1,0,1,0,1,0,1,...
0,1,0,1,0,1,0,1,0,1,...
0,1,0,1,0,1,0,1,0,1,...
0,1,0,1,0,1,0,1,0,1,...
0,1,0,1,0,1,0,1,0,1,...
0,1,0,1,0,1,0,1,0,1,...
0,1,0,1,0,1,0,1,0,1,...
0,1,0,1,0,1,0,1,0,1,...
0,1,0,1,0,1,0,1,0,1,...
0,1,0,1,0,1,0,1,0,1,...
0,1,0,1,0,1,0,1,0,1,...
0,1,0,1,0,1,0,1,0,1,...
0,1,0,1,0,1,0,1,0,1,...
0,1,0,1,0,1,0,1,0,1,...
0,1,0,1,0,1,0,1,0,1,...
0,1,0,1,0,1,0,1,0,1,...
0,1,0,1,0,1,0,1,0,1,...
0,1,0,1,0,1,0,1,0,1,...
0,1,0,1,0,1,0,1,0,1,...
0,1,0,1,0,1,0,1,0,1,...
0,1,0,1,0,1,0,1,0,1,...
0,1,0,1,0,1,0,1,0,1,...
0,1,0,1,0,1,0,1,0,1,...
0,1,0,1,0,1,0,1,0,1,...
0,1,0,1,0,1,0,1,0,1,...
0,1,0,1,0,1,0,1,0,1,...
0,1,0,1,0,1,0,1,0,1,...
0,1,0,1,0,1,0,1,0,1,...
0,1,0,1,0,1,0,1,0,1,...
0,1,0,1,0,1,0,1,0,1,...
0,1,0,1,0,1,0,1,0,1,...
0,1,0,1,0,1,0,1,0,1,...
0,1,0,1,0,1,0,1,0,1,...
0,1,0,1,0,1,0,1,0,1,...
0,1,0,1,0,1,0,1,0,1,...
0,1,0,1,0,1,0,1,0,1,...
0,1,0,1,0,1,0,1,0,1,...
0,1,0,1,0,1,0,1,0,1,...
0,1,0,1,0,1,0,1,0,1,...
0,1,0,1,0,1,0,1,0,1,...
0,1,0,1,0,1,0,1,0,1,...
0,1,0,1,0,1,0,1,0,1,...
0,1,0,1,0,1,0,1,0,1,...
0,1,0,1,0,1,0,1,0,1,...
0,1,0,1,0,1,0,1,0,1,...
0,1,0,1,0,1,0,1,0,1,...
0,1,0,1,0,1,0,1,0,1,...
0,1,0,1,0,1,0,1,0,1,...
0,1,0,1,0,1,0,1,0,1,...
0,1,0,1,0,1,0,1,0,1,...
0,1,0,1,0,1,0,1,0,1,...
0,1,0,1,0,1,0,1,0,1,...
0,1,0,1,0,1,0,1,0,1,...
0,1,0,1,0,1,0,1,0,1,...
0,1,0,1,0,1,0,1,0,1,...
0,1,0,1,0,1,0,1,0,1,...
0,1,0,1,0,1,0,1,0,1,...
0,1,0,1,0,1,0,1,0,1,...
0,1,0,1,0,1,0,1,0,1,...
0,1,0,1,0,1,0,1,0,1,...
0,1,0,1,0,1,0,1,0,1,...
0,1,0,1,0,1,0,1,0,1,...
0,1,0,1,0,1,0,1,0,1,...
0,1,0,1,0,1,0,1,0,1,...
0,1,0,1,0,1,0,1,0,1,...
0,1,0,1,0,1,0,1,0,1,...
0,1,0,1,0,1,0,1,0,1,...
0,1,0,1,0,1,0,1,0,1,...
0,1,0,1,0,1,0,1,0,1,...
0,1,0,1,0,1,0,1,0,1,...
0,1,0,1,0,1,0,1,0,1,...
0,1,0,1,0,1,0,1,0,1,...
0,1,0,1,0,1,0,1,0,1,...
0,1,0,1,0,1,0,1,0,1,...
0,1,0,1,0,1,0,1,0,1,...
0,1,0,1,0,1,0,1,0,1,...
0,1,0,1,0,1,0,1,0,1,...
0,1,0,1,0,1,0,1,0,1,...
0,1,0,1,0,1,0,1,0,1,...
0,1,0,1,0,1,0,1,0,1,...
0,1,0,1,0,1,0,1,0,1,...
0,1,0,1,0,1,0,1,0,1,...
0,1,0,1,0,1,0,1,0,1,...
0,1,0,1,0,1,0,1,0,1,...
0,1,0,1,0,1,0,1,0,1,...
0,1,0,1,0,1,0,1,0,1,...
0,1,0,1,0,1,0,1,0,1,...
0,1,0,1,0,1,0,1,0,1,...
0,1,0,1,0,1,0,1,0,1,...
0,1,0,1,0,1,0,1,0,1,...
0,1,0,1,0,1,0,1,0,1,...
0,1,0,1,0,1,0,1,0,1,...
0,1,0,1,0,1,0,1,0,1,...
0,1,0,1,0,1,0,1,0,1,...
0,1,0,1,0,1,0,1,0,1,...
0,1,0,1,0,1,0,1,0,1,...
0,1,0,1,0,1,0,1,0,1,...
0,1,0,1,0,1,0,1,0,1,...
0,1,0,1,0,1,0,1,0,1,...
0,1,0,1,0,1,0,1,0,1,...
0,1,0,1,0,1,0,1,0,1,...
0,1,0,1,0,1,0,1,0,1,...
0,1,0,1,0,1,0,1,0,1,...
0,1,0,1,0,1,0,1,0,1,...
0,1,0,1,0,1,0,1,0,1,...
0,1,0,1,0,1,0,1,0,1,...
0,1,0,1,0,1,0,1,0,1,...
0,1,0,1,0,1,0,1,0,1,...
0,1,0,1,0,1,0,1,0,1,...
0,1,0,1,0,1,0,1,0,1,...
0,1,0,1,0,1,0,1,0,1,...
0,1,0,1,0,1,0,1,0,1,...
0,1,0,1,0,1,0,1,0,1,...
0,1,0,1,0,1,0,1,0,1,...
0,1,0,1,0,1,0,1,0,1,...
0,1,0,1,0,1,0,1,0,1,...
0,1,0,1,0,1,0,1,0,1,...
0,1,0,1,0,1,0,1,0,1,...
0,1,0,1,0,1,0,1,0,1,...
0,1,0,1,0,1,0,1,0,1,...
0,1,0,1,0,1,0,1,0,1,...
0,1,0,1,0,1,0,1,0,1,...
0,1,0,1,0,1,0,1,0,1,...
0,1,0,1,0,1,0,1,0,1,...
0,1,0,1,0,1,0,1,0,1,...
0,1,0,1,0,1,0,1,0,1,...
0,1,0,1,0,1,0,1,0,1,...
0,1,0,1,0,1,0,1,0,1,...
0,1,0,1,0,1,0,1,0,1,...
