% define color map

%% ray_density_color_map
ray_density_color_map =[
    1.0000    1.0000    1.0000
    1.0000    1.0000         0
         0    1.0000         0
         0    1.0000    1.0000
         0    0.4980    1.0000
         0         0    1.0000
    0.7490    0.7490         0
    0.3765    0.2824    0.1882
    1.0000    0.5020         0
    1.0000         0         0];
%% pvelocity_color_map
pvelocity_color_map =[
    1.0000    1.0000    1.0000
    1.0000         0    1.0000
    0.9765         0    1.0000
    0.9529         0    1.0000
    0.9294         0    1.0000
    0.9059         0    1.0000
    0.8824         0    1.0000
    0.8588         0    1.0000
    0.8353         0    1.0000
    0.8157         0    1.0000
    0.7922         0    1.0000
    0.7686         0    1.0000
    0.7451         0    1.0000
    0.7216         0    1.0000
    0.6980         0    1.0000
    0.6745         0    1.0000
    0.6510         0    1.0000
    0.6275         0    1.0000
    0.6039         0    1.0000
    0.5804         0    1.0000
    0.5569         0    1.0000
    0.5333         0    1.0000
    0.5098         0    1.0000
    0.4902         0    1.0000
    0.4667         0    1.0000
    0.4431         0    1.0000
    0.4196         0    1.0000
    0.3961         0    1.0000
    0.3725         0    1.0000
    0.3490         0    1.0000
    0.3255         0    1.0000
    0.3020         0    1.0000
    0.2784         0    1.0000
    0.2549         0    1.0000
    0.2314         0    1.0000
    0.2078         0    1.0000
    0.1843         0    1.0000
    0.1647         0    1.0000
    0.1412         0    1.0000
    0.1176         0    1.0000
    0.0941         0    1.0000
    0.0706         0    1.0000
    0.0471         0    1.0000
    0.0235         0    1.0000
         0         0    1.0000
         0    0.0275    1.0000
         0    0.0588    1.0000
         0    0.0902    1.0000
         0    0.1176    1.0000
         0    0.1451    1.0000
         0    0.1765    1.0000
         0    0.2039    1.0000
         0    0.2353    1.0000
         0    0.2627    1.0000
         0    0.2941    1.0000
         0    0.3216    1.0000
         0    0.3529    1.0000
         0    0.3804    1.0000
         0    0.4118    1.0000
         0    0.4392    1.0000
         0    0.4706    1.0000
         0    0.4980    1.0000
         0    0.5294    1.0000
         0    0.5608    1.0000
         0    0.5882    1.0000
         0    0.6196    1.0000
         0    0.6471    1.0000
         0    0.6745    1.0000
         0    0.7059    1.0000
         0    0.7373    1.0000
         0    0.7647    1.0000
         0    0.7922    1.0000
         0    0.8235    1.0000
         0    0.8549    1.0000
         0    0.8824    1.0000
         0    0.9098    1.0000
         0    0.9412    1.0000
         0    0.9725    1.0000
         0    1.0000    1.0000
         0    1.0000    0.9569
         0    1.0000    0.9176
         0    1.0000    0.8745
         0    1.0000    0.8314
         0    1.0000    0.7922
         0    1.0000    0.7490
         0    1.0000    0.7098
         0    1.0000    0.6667
         0    1.0000    0.6235
         0    1.0000    0.5843
         0    1.0000    0.5412
         0    1.0000    0.5020
         0    1.0000    0.4588
         0    1.0000    0.4157
         0    1.0000    0.3765
         0    1.0000    0.3333
         0    1.0000    0.2902
         0    1.0000    0.2510
         0    1.0000    0.2078
         0    1.0000    0.1647
         0    1.0000    0.1255
         0    1.0000    0.0824
         0    1.0000    0.0431
         0    1.0000         0
    0.0431    1.0000         0
    0.0824    1.0000         0
    0.1255    1.0000         0
    0.1686    1.0000         0
    0.2078    1.0000         0
    0.2510    1.0000         0
    0.2902    1.0000         0
    0.3333    1.0000         0
    0.3765    1.0000         0
    0.4157    1.0000         0
    0.4588    1.0000         0
    0.5020    1.0000         0
    0.5412    1.0000         0
    0.5843    1.0000         0
    0.6235    1.0000         0
    0.6667    1.0000         0
    0.7098    1.0000         0
    0.7490    1.0000         0
    0.7922    1.0000         0
    0.8314    1.0000         0
    0.8745    1.0000         0
    0.9176    1.0000         0
    0.9569    1.0000         0
    1.0000    1.0000         0
    1.0000    0.9730         0
    1.0000    0.9459         0
    1.0000    0.9189         0
    1.0000    0.8919         0
    1.0000    0.8649         0
    1.0000    0.8378         0
    1.0000    0.8108         0
    1.0000    0.7838         0
    1.0000    0.7568         0
    1.0000    0.7297         0
    1.0000    0.7027         0
    1.0000    0.6757         0
    1.0000    0.6486         0
    1.0000    0.6216         0
    1.0000    0.5946         0
    1.0000    0.5676         0
    1.0000    0.5405         0
    1.0000    0.5135         0
    1.0000    0.4865         0
    1.0000    0.4595         0
    1.0000    0.4324         0
    1.0000    0.4054         0
    1.0000    0.3784         0
    1.0000    0.3514         0
    1.0000    0.3243         0
    1.0000    0.2973         0
    1.0000    0.2703         0
    1.0000    0.2432         0
    1.0000    0.2162         0
    1.0000    0.1892         0
    1.0000    0.1622         0
    1.0000    0.1351         0
    1.0000    0.1081         0
    1.0000    0.0811         0
    1.0000    0.0541         0
    1.0000    0.0270         0
    1.0000         0         0
    0.9914    0.0126         0
    0.9828    0.0252         0
    0.9742    0.0378         0
    0.9657    0.0505         0
    0.9571    0.0631         0
    0.9485    0.0757         0
    0.9399    0.0883         0
    0.9313    0.1009         0
    0.9227    0.1135         0
    0.9141    0.1261         0
    0.9056    0.1387         0
    0.8970    0.1514         0
    0.8884    0.1640         0
    0.8798    0.1766         0
    0.8712    0.1892         0
    0.8626    0.2018         0
    0.8541    0.2144         0
    0.8455    0.2270         0
    0.8369    0.2396         0
    0.8283    0.2523         0
    0.8197    0.2649         0
    0.8111    0.2775         0
    0.8025    0.2901         0
    0.7940    0.3027         0
    0.7854    0.3153         0
    0.7768    0.3279         0
    0.7682    0.3405         0
    0.7596    0.3532         0
    0.7510    0.3658         0
    0.7424    0.3784         0
    0.7339    0.3910         0
    0.7253    0.4036         0
    0.7167    0.4162         0
    0.7081    0.4288         0
    0.6995    0.4414         0
    0.6909    0.4541         0
    0.6824    0.4667         0
    0.6719    0.4638    0.0038
    0.6614    0.4610    0.0076
    0.6509    0.4581    0.0113
    0.6404    0.4553    0.0151
    0.6299    0.4524    0.0189
    0.6195    0.4496    0.0227
    0.6090    0.4467    0.0265
    0.5985    0.4439    0.0302
    0.5880    0.4410    0.0340
    0.5775    0.4381    0.0378
    0.5671    0.4353    0.0416
    0.5566    0.4324    0.0453
    0.5461    0.4296    0.0491
    0.5356    0.4267    0.0529
    0.5251    0.4239    0.0567
    0.5147    0.4210    0.0605
    0.5042    0.4182    0.0642
    0.4937    0.4153    0.0680
    0.4832    0.4125    0.0718
    0.4727    0.4096    0.0756
    0.4622    0.4068    0.0794
    0.4518    0.4039    0.0831
    0.4413    0.4011    0.0869
    0.4308    0.3982    0.0907
    0.4203    0.3954    0.0945
    0.4098    0.3925    0.0983
    0.3994    0.3897    0.1020
    0.3889    0.3868    0.1058
    0.3784    0.3840    0.1096
    0.3679    0.3811    0.1134
    0.3574    0.3783    0.1171
    0.3470    0.3754    0.1209
    0.3365    0.3725    0.1247
    0.3260    0.3697    0.1285
    0.3155    0.3668    0.1323
